161
14614
9374
4055
16473
1783
153
3220
4266
1353
3339
16048
254
12667
2037
18057
223
2341
20730
13882
17697
19293
14
7945
3220
2075
2828
1149
1510
14955
3203
3576
6727
10325
8446
1561
602
1000
6109
5521
416
4863
3939
305
8415
19955
15967
1220
19465
82
1209
1016
423
2199
2320
5940
21136
18993
20382
210
304
21562
6242
19
6796
21013
21468
5057
18033
18195
378
902
14141
1003
725
17233
16149
8018
77
146
6612
9825
14851
20969
11199
6894
682
5774
20965
13528
188
13447
5576
18512
4450
12474
2458
21615
0
20906
7445
9510
713
4951
58
186
789
19265
2966
85
4566
6548
4284
10152
10944
1343
1257
8054
5098
4063
1664
165
18534
4419
2820
14631
780
20208
20196
16986
4579
10745
19849
253
3649
5925
9986
18611
2986
6654
5358
978
13
16216
11655
5572
813
14306
8721
11074
848
180
1561
4615
3352
2090
15582
4818
14534
1899
6
202
47
11396
5954
19276
15442
15887
18332
18819
1718
63
21623
1989
15309
6776
1333
944
14929
2528
14687
10423
15825
8772
21453
3250
19727
1963
2510
14553
18972
18391
4049
21744
3697
314
17383
9779
121
8366
981
6645
2237
14451
1854
4723
11666
19009
19062
8663
10145
161
12957
691
21145
15935
970
6204
16473
1419
5905
6955
312
13431
769
2214
3389
1703
1799
3148
2550
3662
2343
231
641
21831
14709
8104
8387
15493
70
17260
11118
6905
12496
9176
4856
1734
5006
673
894
19958
409
4168
17297
1803
15242
5429
12357
372
1004
13642
7
8480
20932
0
12465
19919
759
14495
211
15064
10833
1439
3327
16311
7760
15320
1251
7198
968
55
3
2307
2047
963
18503
1525
194
4776
7510
19769
1512
6936
8266
921
334
15216
20906
153
6544
9519
1256
7081
6386
2201
1156
1881
11137
2013
2386
2929
1807
5044
5828
9665
16810
746
12675
10627
16284
19024
5962
1058
11810
13697
498
928
225
2354
2504
6768
20483
118
10547
517
19468
13826
9768
4660
21916
2316
3560
13674
12960
11976
21845
21865
15357
9
12917
9031
8030
31
969
4306
6431
16050
8646
16184
3294
302
1980
1
19575
3786
590
113
2536
3900
2034
7573
2790
3175
14229
8194
13132
5104
1798
6980
181
11049
274
7595
5739
20682
10000
19
4273
19931
12590
16065
15066
343
9386
6269
1102
1280
4394
1138
3875
5102
7086
3
316
187
4669
704
7795
572
10901
11753
3684
10744
551
3847
7380
724
14074
6984
13607
20449
6276
14056
18544
1187
299
5873
2383
4440
2569
19532
13464
21134
16364
6
20237
532
17364
1
1032
12854
16987
7004
3494
3538
998
1
18950
18262
4798
3378
4513
6867
5912
659
4180
3742
17864
2
5944
9730
597
587
20664
744
4761
19888
8229
2786
2056
686
21402
7421
15615
5
1798
60
21716
21763
5161
6665
92
20457
5525
12220
19577
1450
20121
12886
2272
9221
245
2816
5941
4
6838
1798
13487
9707
3505
110
2517
20679
13089
8187
3717
2402
3161
20216
348
1040
15505
12727
16019
9859
5359
3511
10692
1987
6375
295
3164
2857
6947
3172
19984
14611
3455
233
2083
21736
215
20258
706
3277
432
21
6723
10807
9754
19687
21279
155
1357
7729
5167
1006
377
19793
4240
5444
14906
15601
6062
17632
2042
694
14063
937
3767
8089
10596
306
12542
5220
14034
334
47
19282
6602
3880
884
604
324
2143
256
10760
337
21526
4346
5856
12032
19458
493
19387
1025
524
2586
8468
19825
8299
11273
16781
6777
19664
449
18
14877
19004
15835
15
11567
12140
164
3337
100
347
31
16127
11985
616
580
16797
11282
18477
19824
517
10092
5270
3123
2684
18760
10061
7733
578
2105
0
4647
17464
16797
21599
86
20883
10749
3104
3881
30
1098
1921
8046
7496
5633
45
1973
1902
5
17872
8725
56
70
2557
544
81
2003
10578
13153
1515
613
13285
15480
17043
1482
820
14064
20625
130
5680
4032
13810
3697
15
6678
5491
2381
8588
5953
4176
19570
8831
17870
0
13549
1399
3249
13177
10140
8096
12196
728
8075
4100
901
2768
6515
3351
585
19569
21068
8688
17074
20564
5261
127
7846
892
20628
10331
1039
1337
13549
6808
6879
20060
5454
6699
12019
21012
20427
20604
19650
12452
9115
3960
133
8469
20877
20706
21740
16572
348
4408
13461
6987
9133
9795
1098
3
2
16
7908
9483
330
245
19754
4933
18199
18319
1794
1667
18204
180
358
2645
12258
4650
8
12216
14431
1264
2819
52
6372
35
19312
10521
10525
9600
0
15179
9
5783
14519
14310
14555
3464
5746
4347
15496
16257
18264
3875
11118
2778
620
8208
422
21998
10241
17153
2752
11058
3394
16291
970
5878
11
11726
9424
3052
7
1384
8236
19358
505
19721
13406
18030
17990
8079
12743
1789
2212
2175
3883
1276
5791
7878
13474
16329
1214
2301
445
20153
9114
11620
1206
5154
8778
8942
2177
14845
499
4434
1116
91
1735
6210
897
852
13824
5168
4637
18364
7511
77
3396
12378
8893
7672
10926
8756
759
16697
169
5376
808
835
11
20249
7476
4845
6736
6909
6384
864
7255
1970
5484
21795
3015
2532
917
17236
1303
14494
1509
15662
12752
20524
18151
9947
5460
931
575
404
15
10681
12726
13800
16224
11747
427
3032
10
146
4777
17104
6313
19680
6358
1254
1670
16321
4
4225
20611
21028
2550
912
7105
14643
14309
3593
15048
15822
7282
17113
165
13194
55
2142
14016
2
2756
3233
1302
1719
20717
5252
6705
21651
9715
1999
15221
20206
3503
388
18540
19780
15962
5101
8657
18080
3486
3386
49
16664
11076
46
2300
8009
9375
43
10103
5887
23
4873
1358
151
14188
3559
971
38
15333
19908
8574
13238
10708
6303
2268
679
5413
9304
1320
1377
110
13878
7217
219
46
10495
2981
16086
896
18725
12763
1342
42
4016
1226
12335
14491
8414
2829
20996
871
15086
2127
2482
