182
64
0
11448
2980
2
2107
4
36
277
6
160
115
76
19227
5
632
7
12
88
847
2192
4546
6080
11438
17172
2
1
10
1
10
19
508
16708
5
15986
16
48
77
12506
3
2336
297
1
55
876
818
7982
6277
12855
36
2152
8
6
2314
3455
2391
1299
1815
1750
425
11594
0
1434
102
0
250
9
1
0
11
7032
1
271
7693
332
135
12
1568
108
140
5
1586
8
1
1
0
569
1036
433
7
13471
0
1027
1
128
6
15
0
5
72
1273
3907
12
0
307
6373
39
27
44
0
422
1903
457
2067
0
2036
2236
19
392
32
1037
38
857
4
185
2831
82
249
0
707
23
20
165
644
508
6338
21934
120
12
357
7
631
20429
4619
43
20
382
26
5
5
563
2997
100
892
1272
6
554
67
4
28
225
357
270
7
0
35
312
85
2398
0
389
58
406
0
0
1
1934
96
36
16
36
0
26
21570
14
24
11356
9
0
10966
2143
45
8
1
5
43
1184
1
806
714
0
2
2
354
75
23
2229
0
2
654
15
6
0
2
385
9
132
2314
23
2644
109
143
1214
1309
0
7425
83
18
0
449
13628
4544
306
3
1764
6
296
1
1405
3
197
58
9276
180
6
71
1081
150
523
10
1
0
13899
6
101
0
630
127
3
7
28
11
769
9
17
8
7
38
2
1682
478
4
106
152
154
866
0
1358
12
0
4779
12
397
1
16
0
2025
101
2
10484
33
462
18031
125
1324
18859
1109
10940
3
1908
17
18
1767
17
0
14471
896
221
2
482
3885
0
288
4755
0
1395
2
2
0
12
1614
17
62
2063
55
4
1
3904
2269
13
790
49
784
2
5
1383
1
2
5941
94
4308
1433
4510
435
47
481
5606
0
10787
3
5
1620
0
2
56
8
261
15855
1
975
9283
16
1
35
0
74
19
13
0
2
0
14
96
286
15
1645
18100
4439
2
46
366
2
0
164
431
57
2383
719
185
9
0
140
3411
199
6582
0
3
15046
26
5276
98
196
161
2
29
5
1
7151
1345
0
1915
12
0
12
15
6853
1
16
14582
9
55
6
63
0
3598
19
14064
647
509
473
2596
494
1000
7
15
5320
11984
2
22
4
60
6
327
1
8
8821
0
696
11631
0
8829
52
142
9148
5016
15485
3
13897
18
615
7461
149
5032
9
311
0
2
2
259
5
464
6014
279
0
847
5
3957
35
9
10746
0
3
2365
6305
9
16
7
453
13888
2786
2471
20
0
277
2
297
347
37
0
1232
38
13001
1561
10
673
10383
8215
207
3915
28
807
0
0
11
35
2668
10
15
150
131
11
6901
322
366
1
277
2011
118
3994
0
37
255
10090
1422
10
3
72
556
0
2077
14
1311
118
10
642
4593
26
0
636
0
2
9
10015
48
0
570
0
3880
0
7
674
805
2
42
2057
9524
7
1173
246
93
5426
11949
56
5582
3098
1079
678
82
0
80
1345
5579
216
2826
1911
0
10
2790
18494
15592
1353
11985
0
2
353
0
0
0
16836
43
17201
12
27
11299
4
183
12
3849
10
10
110
2
2274
11
163
0
31
19245
3852
150
2600
0
3631
0
53
41
18353
20307
6
11744
20851
20
555
7191
952
333
14
9552
0
11295
332
60
218
0
5362
4897
26
14845
0
12461
1219
2
0
24
92
1
0
7
0
3242
2624
11
91
12948
787
23
0
17423
1667
2376
799
9817
727
48
2875
54
471
0
327
21181
69
0
1239
143
5
3
2936
6592
8018
4491
1
28
6
9618
797
454
439
137
6074
3792
1
21947
0
65
0
1
4300
1425
9
7
760
321
11
13173
208
2
3596
0
50
3164
1
17599
21
2321
56
43
4
7856
115
6725
2
3393
63
10
23
292
18343
997
12
28
7275
33
3443
31
187
176
132
68
3286
2887
3031
0
5
1694
5
0
4080
9352
1
5
18
22
8776
1
141
61
5860
110
21
0
197
3243
204
82
1388
0
2
2
116
1456
6463
25
15
1
2
0
0
3836
18
1
0
23
1
102
0
4723
5190
85
24
11
6
44
4
4410
0
1
4672
50
2941
38
7399
3038
535
0
3
131
0
3989
1449
173
11860
7
139
634
373
34
100
2
14
1919
967
11166
11
146
16
12
38
4
466
116
5461
186
1
8
143
198
1
1089
82
1
31
2753
69
1
0
8
495
5395
21
57
2
16560
59
22
1211
649
25
343
138
29
60
4467
870
5
20606
150
0
1272
5961
12
35
1296
0
411
1491
48
400
18
2
3
2
197
72
8
1
0
0
14
9357
7
863
0
6780
697
65
24
168
1
4940
15387
2527
814
47
42
437
1
76
14
1
9405
208
266
3
3376
1
18
2
7
4
6
15875
8830
16
0
0
2
37
8
1234
863
3
106
38
3
2
181
0
6
0
167
8
171
1264
17954
1356
25
17
339
572
13
16
16
0
3
8615
99
2
10494
9667
0
1693
4
7665
5858
837
0
2351
9
233
10948
45
837
499
5
13
8
15218
5858
208
16
2
21
11428
5
0
2123
0
30
336
