14814
8724
11537
3797
16819
4317
14328
11307
9742
14341
3058
21874
15546
11710
3568
1575
1141
15356
13599
16308
2282
14903
4211
7815
20061
1037
2737
5916
14153
763
3113
20442
6604
7822
15063
17633
15035
19144
411
10235
2195
10374
6134
19292
7835
3391
1244
8715
10542
7655
11681
21669
18947
20679
13669
3758
1502
5287
13270
13998
13698
21549
20584
20135
18532
9038
15332
14647
20762
14867
15948
2329
18027
835
14510
17721
8795
2416
6531
13268
9868
12662
16566
15279
7745
10183
12008
17448
14007
11893
4671
8344
1492
11061
19701
5557
2618
19355
16749
7937
10523
3985
2071
724
15789
8486
14371
11923
13571
5149
20583
3069
2066
9692
10048
9003
15618
10433
900
17984
2544
7826
2376
12034
13545
12324
17829
19422
15635
9146
1320
6889
3389
1985
15650
7893
13751
5487
16721
125
12793
16770
11100
16561
13624
10553
10111
5671
6721
8031
21029
20416
13536
13972
8404
7502
1739
7829
5934
10622
4913
21404
10792
19849
954
2414
1140
5511
2287
12597
16028
45
20692
2221
5482
10918
12566
4825
8121
17747
21730
7471
1963
8892
21803
9013
17454
16477
4263
7619
11593
20963
20806
1816
21311
4846
8078
17899
6156
6517
1062
21216
7602
9729
13355
2275
5891
6517
17364
14473
20650
12531
21039
4460
20791
13049
6525
7490
19349
198
19402
1154
17144
11771
2499
12723
3699
7130
2233
2569
14651
6063
21869
3272
6453
17823
15465
21993
14017
1872
20335
17470
1467
4457
21450
9849
16703
514
3590
10767
4215
8196
19445
8122
14431
2140
33
14300
2589
9915
21616
13465
5835
20260
15284
19831
8679
20758
16480
5673
206
10118
16032
801
11929
13983
8857
19381
6073
17021
5228
10912
13373
18954
20059
1086
18693
3257
12488
4111
1790
5034
17790
12452
16748
19987
19048
5493
16854
5431
1785
21337
19417
19333
17946
12205
1677
4867
11762
9752
8598
3688
11213
3539
10068
4686
7747
2952
2648
12739
4408
12419
11448
4268
4525
12363
17132
16948
16622
8213
19848
9967
21281
12216
19075
93
3265
19633
9759
21892
16479
737
10670
2669
10162
20210
3168
11759
5782
13572
21873
9724
7778
11614
17642
14966
17066
3230
3492
4457
13657
8351
11693
14460
20638
21903
13914
16533
21425
7301
13098
9246
6502
42
17317
7778
16977
19016
15449
702
5296
2318
12596
4025
11622
10300
8847
2680
9568
16329
12661
17355
15767
13126
18332
12331
12762
7144
777
3449
20597
20205
3631
21275
14061
19571
8129
8011
13
684
12749
15322
8210
3350
82
457
12721
6674
4064
9421
3208
6351
6077
160
20595
734
340
16763
18563
1364
13862
4363
4683
11796
21351
4725
7647
4619
13218
6725
21647
2770
1313
528
14983
12764
1355
14966
16394
13694
200
14646
7987
19668
17060
7076
13688
21538
14634
16143
10249
13971
650
18859
530
11209
10991
3679
9650
12643
928
17615
19091
7511
15403
12627
20577
7519
3482
15541
15447
18388
8184
8200
10720
8280
8998
12591
14686
13409
8931
16256
15185
15540
14820
6575
15982
11250
9587
8715
1433
12243
9984
11419
18478
13197
19588
10120
12959
7412
8361
1104
93
2947
17053
14386
2039
14437
16731
20719
1439
2891
2443
16866
4168
21621
12341
9239
21792
630
17987
6786
14995
16921
19757
5604
12703
17774
5706
5346
20199
18302
13906
21088
21712
3348
7040
413
1521
393
15792
19406
3562
11985
11538
7574
490
17799
18243
17526
4980
7928
6645
8947
13433
13921
7460
5843
17955
10662
14996
18880
229
12253
7255
6790
20822
11805
18897
2593
1061
11903
6176
10348
2650
18129
573
3220
6615
19721
12794
17612
5188
577
10974
3963
8108
3151
10797
16613
844
7179
478
7831
7187
4386
2796
14138
15949
12879
19825
9671
4682
16170
4807
6096
19979
21607
16773
6869
311
17364
18083
9267
12707
8400
806
12989
5220
11071
12691
1793
14361
7998
21650
6108
18188
4006
8244
9279
6056
16360
9376
16750
6149
5255
17034
4458
15837
6877
3687
54
5062
21252
14241
10650
7529
12988
6836
20923
2493
7617
780
3641
6981
6094
14847
18249
2526
10275
18133
11777
18262
12748
7755
7263
12170
5275
8360
1229
5500
21928
10986
21727
3675
9224
9194
17840
20471
8569
15454
12109
18869
5132
2003
3765
1599
6417
21740
15654
775
11759
8545
5689
15422
7253
16218
4481
14466
18293
11654
9843
7646
19777
6478
2238
16673
5380
11275
10107
829
10631
7703
4173
13058
16044
20482
15009
14390
9492
1003
5832
4116
333
15562
12583
5448
10630
13119
18521
164
98
8729
14188
19550
17617
13233
2038
16868
4091
12161
7476
9013
11832
3943
944
20377
20779
700
13973
3368
6072
9357
17040
2172
11538
18789
3828
15147
13368
19896
16285
17432
14164
16141
2500
1592
299
16223
10996
10717
6371
15274
4133
12592
4961
16003
11164
6835
3644
10106
7591
6550
13455
14789
2298
5022
14456
11561
2610
5483
11286
12161
11830
9266
14654
14130
508
10538
11129
8977
3946
3877
19731
483
7738
20642
7939
10229
5952
2254
20831
6399
21610
19653
10726
5296
17757
18050
21870
8602
17932
4991
18033
15668
12379
12046
236
4109
11815
1026
2556
17960
16709
10023
3703
14896
17239
9518
101
8917
6963
14291
16260
16459
5812
21477
1238
9125
15871
9894
1493
8591
14947
19508
16169
4009
5417
2864
5479
15381
6962
2298
19244
10436
12511
19965
11176
10818
8921
10014
11252
14068
13813
21045
395
18315
21787
8951
10788
15174
1487
4562
19046
10778
1892
741
1562
593
17584
5326
5158
18326
16098
3946
11822
13706
17612
11291
20925
14128
17174
11826
9678
14201
3332
11270
12475
2741
18818
16130
18515
14823
2756
759
2327
18631
1777
18113
20456
13273
19029
17855
19311
1937
14835
6859
18381
4508
14054
8931
11729
1329
6934
21148
18997
14066
17972
10831
16041
21554
8229
9683
434
20693
14645
15796
4428
20473
12742
11175
6291
15361
19034
14523
17666
957
20436
11636
11780
12410
17328
11612
6784
3190
12790
16896
11990
2445
14114
12413
4236
16318
8585
6584
16959
3323
15946
15549
16066
15784
8545
15224
16044
11442
701
13440
17349
5815
15550
