21
5896
4
0
1
0
1
0
0
0
4
2
0
2
11
22
43
1
0
1
103
6
5
22
1
10
1
1766
1
1
6
7
1
0
978
0
0
2
4
10
0
2
0
66
1
29
15
44
1
1
1
0
1
2
1
4
106
79
0
0
0
1
381
0
0
2
1
0
0
0
10
36
3
0
4
0
18
0
27
0
24
12
2
1
1
246
29
18
0
3
5
9
10
0
0
0
6
0
69
2
6
7
9
0
9
119
15098
2
0
0
2
69
5
0
0
4
7
4
1
0
0
0
0
2
0
3
2
47
1
5
1
1
7410
7
139
0
0
1
3
0
5
7
1
4
0
10
3
20
0
0
0
3
4
11
0
346
0
0
0
1
0
0
1
0
8
0
0
76
2
0
1573
0
0
1
4
3
3
116
0
65
1
0
1
1
41
0
34
5
0
5
0
2832
0
3
8
12
0
1
0
0
26
2
19
0
0
0
2
8
0
2
2
6
0
46
1
0
20
0
79
0
1034
1
0
2
1
43
5
0
6
31
68
0
5
0
0
0
191
0
1023
0
104
20
20
0
3
30
0
2
33
9
0
0
2
0
50
0
903
4
1
6
0
3
6
0
3
0
2
83
1
1
2
7
1
175
0
0
0
0
3
2
14
9
0
0
3
2
2
2
0
1
0
0
0
0
0
0
3
0
0
5
0
0
0
29
1
0
2
0
0
3
0
3
9
0
0
0
0
0
1
15
0
3
5
41
0
0
1
0
9
5
0
0
0
0
16
6
5
11
1
0
7
3
0
0
0
0
0
8
2
0
6
269
0
7
16
4
0
0
0
0
847
1
2
4
0
0
80
0
0
3
0
0
3
1
22
1
1
38
0
1
0
0
26
0
0
0
59
1009
0
3
0
0
0
0
5
20
3
0
77
0
1
1
0
45
0
0
3
9
0
0
1
0
19
10
0
1
6
0
0
0
1
54
253
9
0
1
0
46
18
16
534
0
0
4
7
4
0
0
1
558
1
0
0
37
0
6
3
1
2437
2
61
0
0
91
12
0
0
0
14
0
18
3
0
6
0
2
5
1
20
0
0
1
8
57
0
3
0
0
13516
4
2
1
0
0
0
0
4
5
0
0
0
3
2
5
5
0
0
0
5
4
0
0
10
1
5
0
68
5
0
0
0
252
1
2
0
1
0
0
0
248
0
0
0
3
22
0
6
0
3
2
0
4
0
3
0
0
16
1
1
5
0
3
4
0
0
0
2
2
3
100
47
64
0
0
0
0
0
0
0
0
28
0
3
1
8
0
0
94
5
1422
0
0
0
3
36
10
1
0
0
2
0
3
3
1
49
1
1
0
15
0
4108
6
2
12
0
2
0
0
6
0
1
0
6
1
3
1
1
3
2
3
0
2
1
7
240
0
0
0
4
3
0
0
4
66
0
12
57
0
0
1
0
0
2
4
2
4
3
148
3
18
11
3
469
0
0
19
1
8
0
0
3
2
1
0
36
0
1
0
1
4
33
4
0
2
21
18
35
232
0
0
0
3
4
827
5
30
0
0
128
417
45
0
0
0
0
0
1
0
0
87
1
58
1
2
22
9
3
0
0
1
0
3
0
1
0
2
6
0
13
0
28
1
105
4
47
2
52
15
198
1229
4
100
0
1
25
15
50
0
10
0
5
2
4
1
1
27
1
0
1
1
5
8
7
161
1
0
5
7
0
2
0
1
0
2
0
0
141
0
1
0
4
50
0
3
0
1
0
5
0
0
0
5
1
2
4
3
3
2
0
0
0
2
0
1
13
5
1
0
0
0
73
0
1
135
0
30
0
0
16
153
0
13
0
0
79
2
0
0
3
2
73
2
0
6
1
8
2
5
0
594
1
0
0
212
0
1
3
473
13
3
0
0
0
61
0
1
1
0
8
1
15
4
0
0
3
7
3
0
2
2
1
15
12
1
0
6
5
0
4
0
0
0
5
0
32
0
0
0
3
5
0
74
0
59
1
0
79
1
1
1
0
8
115
6
0
0
0
0
2
153
1
0
0
1
3
1152
0
0
15
9
1
6
133
0
813
0
23
1
0
2
0
0
9
13
3
0
8
3
1
27
22
1
2
33
0
0
7
2
4713
339
1
1
61
0
0
1
7
0
11
0
0
15
110
0
1
13
7
13
22
556
1
4
0
0
6
158
16
1
0
0
0
1
1
2
6
0
12
57
272
40
3
1
1
2
0
20
1
261
2
4
0
13
14
3
2
7
0
1
0
4
8
1151
0
0
0
0
1
6
3
2
